100001111000000001100000000000
011110000100000000000100000100
111111001100010000110100101111
101100000011000000000001110000
110000000000000000000000110001
000000000000000000000000000000
000000000101101000000000000100
000100000000111000010000001110
000010000101011100001000000111
000100000000001100100000011111
000000000000000000100000001010
000000000000000000000000000100
000000000000000000011000011000
010000000000000000011010011000
010000000000000001111010000000
010000000000000010010000000000
010001000000000011100000000000
010010100000001100010000000000
010000010000011110110000000000
010001100001100000001000000000
010000000110000110100010000000
010000000010000110000001100000
010000001000010000000001100000
000000001100000001000010100000
000000010001000001000011000000
000000001010000011100000000000
000000001001000000000000000000
000000001101000010100000000000
100000000001001110000011010000
011001100000001110000010011001
001001111010001100000010000001
001101110010000000000001100100
001001001010000000000000101000
000110001011000000001000010000
000000000011000000010100001000
000000000110000000010110000000
000000001110000000000010000000
000000010000000000000010000000
000000001010000100010010000000
100000100010101111011100000001